DFS and BFS time results:

|V|+|E|         DFS(ms)         BFS(ms)
57              0               0
262             0               1
1122            1               0
2242            2               2
4182            2               3
8857            5               5
17942           10              11
29602           13              13
39217           21              20
46366           28              28
51746           41              42
58242           40              42
63366           43              46
